   0	5.529e+05	       0
   1	1.698e+05	   6.047
   2	1.02e+05	    9.34
   3	7.467e+04	   11.76
   4	6.071e+04	   13.97
   5	5.285e+04	   16.11
   6	4.83e+04	   18.34
   7	4.571e+04	   20.75
   8	4.435e+04	   23.44
   9	4.373e+04	   26.47
  10	4.354e+04	    29.9
  11	4.355e+04	   33.75
  12	4.36e+04	   38.04
  13	4.358e+04	   42.73
  14	4.342e+04	   47.78
  15	4.309e+04	   53.12
  16	4.258e+04	   58.67
  17	4.189e+04	   64.35
  18	4.105e+04	   70.08
  19	4.009e+04	    75.8
  20	3.904e+04	   81.45
  21	3.793e+04	   86.98
  22	3.678e+04	   92.37
  23	3.563e+04	   97.59
  24	3.447e+04	   102.6
  25	3.334e+04	   107.5
  26	3.223e+04	   112.1
  27	3.116e+04	   116.6
  28	3.013e+04	   120.9
  29	2.914e+04	     125
  30	2.819e+04	   128.9
  31	2.728e+04	   132.7
  32	2.641e+04	   136.3
  33	2.558e+04	   139.7
  34	2.478e+04	   143.1
  35	2.402e+04	   146.3
  36	2.329e+04	   149.3
  37	2.258e+04	   152.3
  38	2.191e+04	   155.1
  39	2.126e+04	   157.8
  40	2.063e+04	   160.4
  41	2.003e+04	   162.9
  42	1.945e+04	   165.4
  43	1.889e+04	   167.7
  44	1.835e+04	   169.9
  45	1.783e+04	   172.1
  46	1.732e+04	   174.1
  47	1.683e+04	   176.1
  48	1.636e+04	   178.1
  49	1.59e+04	   179.9
  50	1.546e+04	   181.7
  51	1.503e+04	   183.4
  52	1.461e+04	   185.1
  53	1.42e+04	   186.7
  54	1.381e+04	   188.2
  55	1.342e+04	   189.7
  56	1.304e+04	   191.1
  57	1.268e+04	   192.4
  58	1.232e+04	   193.7
  59	1.197e+04	     195
  60	1.163e+04	   196.2
  61	1.129e+04	   197.4
  62	1.096e+04	   198.5
  63	1.06e+04	   199.5
  64	1.014e+04	   200.5
  65	    9432	   201.4
  66	    8380	   202.2
  67	    7183	   202.8
  68	    6200	   203.2
  69	    5504	   203.5
  70	    4944	   203.8
  71	    4538	     204
  72	    4280	   204.2
  73	    4093	   204.4
  74	    4004	   204.5
  75	    3954	   204.7
  76	    3953	   204.9
  77	    3964	     205
  78	    3989	   205.2
  79	    3999	   205.4
  80	    4001	   205.5
  81	    3970	   205.7
  82	    3920	   205.9
  83	    3833	     206
  84	    3727	   206.2
  85	    3595	   206.4
  86	    3447	   206.5
  87	    3291	   206.6
  88	    3125	   206.7
  89	    2961	   206.9
  90	    2799	     207
  91	    2641	     207
  92	    2491	   207.1
  93	    2348	   207.2
  94	    2212	   207.3
  95	    2085	   207.3
  96	    1965	   207.4
  97	    1851	   207.4
  98	    1745	   207.5
  99	    1644	   207.5
 100	    1548	   207.5
 101	    1458	   207.6
 102	    1371	   207.6
 103	    1288	   207.6
 104	    1209	   207.6
 105	    1134	   207.7
 106	    1061	   207.7
 107	   991.8	   207.7
 108	   925.9	   207.7
 109	     863	   207.7
 110	   802.9	   207.7
 111	   746.1	   207.7
 112	   692.6	   207.7
 113	   642.2	   207.7
 114	   594.9	   207.7
 115	   550.9	   207.8
 116	   510.3	   207.8
 117	     473	   207.8
 118	     439	   207.8
 119	   408.3	   207.8
 120	     381	   207.8
 121	   356.8	   207.8
 122	   335.7	   207.8
 123	   317.4	   207.8
 124	   301.4	   207.8
 125	   285.9	   207.8
 126	   266.9	   207.8
 127	   236.8	   207.8
 128	   189.1	   207.8
 129	   130.7	   207.8
 130	   81.75	   207.8
 131	   58.17	   207.8
 132	   67.04	   207.8
 133	   120.9	   207.8
 134	   178.7	   207.8
 135	   107.8	   207.8
 136	   47.01	   207.8
 137	   44.53	   207.8
 138	   81.98	   207.8
 139	   59.72	   207.8
 140	   35.04	   207.8
 141	   54.42	   207.8
 142	   44.35	   207.8
 143	   28.46	   207.8
 144	   42.69	   207.8
 145	   25.85	   207.8
 146	   25.84	   207.8
 147	   27.27	   207.8
 148	   17.84	   207.8
 149	   24.46	   207.8
 150	   14.54	   207.8
 151	   18.92	   207.8
 152	   12.45	   207.8
 153	   14.43	   207.8
 154	   10.67	   207.8
 155	   11.39	   207.8
 156	   8.987	   207.8
 157	   9.449	   207.8
 158	   7.459	   207.8
 159	   8.183	   207.8
 160	   6.193	   207.8
 161	   7.308	   207.8
 162	   5.254	   207.8
 163	   6.574	   207.8
 164	   4.687	   207.8
 165	   5.742	   207.8
 166	   4.511	   207.8
 167	    4.79	   207.8
 168	    4.67	   207.8
 169	    4.01	   207.8
 170	   4.805	   207.8
 171	   3.655	   207.8
 172	   4.319	   207.8
 173	   3.748	   207.8
 174	   3.468	   207.8
 175	   3.917	   207.8
 176	   3.008	   207.8
 177	    3.37	   207.8
 178	   3.036	   207.8
 179	   2.586	   207.8
 180	   2.956	   207.8
 181	   2.323	   207.8
 182	   2.232	   207.8
 183	   2.325	   207.8
 184	   1.758	   207.8
 185	   1.767	   207.8
 186	   1.628	   207.8
 187	   1.227	   207.8
 188	   1.247	   207.8
 189	   1.081	   207.8
 190	  0.8502	   207.8
 191	  0.9084	   207.8
 192	  0.8394	   207.8
 193	  0.7494	   207.8
 194	  0.8688	   207.8
 195	    0.81	   207.8
 196	  0.6111	   207.8
 197	  0.5307	   207.8
 198	  0.4212	   207.8
 199	  0.3299	   207.8
 200	   0.369	   207.8
 201	  0.3811	   207.8
 202	   0.278	   207.8
 203	  0.2454	   207.8
 204	  0.2687	   207.8
 205	   0.224	   207.8
 206	  0.1788	   207.8
 207	  0.1832	   207.8
 208	  0.1666	   207.8
 209	  0.1285	   207.8
 210	  0.1264	   207.8
 211	  0.1301	   207.8
 212	  0.1035	   207.8
 213	 0.09569	   207.8
 214	 0.09849	   207.8
 215	 0.08582	   207.8
 216	 0.07316	   207.8
 217	 0.06743	   207.8
 218	 0.06756	   207.8
 219	 0.05689	   207.8
 220	  0.0469	   207.8
 221	 0.04609	   207.8
 222	 0.04272	   207.8
 223	 0.03529	   207.8
 224	 0.02948	   207.8
 225	 0.02853	   207.8
 226	 0.02598	   207.8
 227	 0.02103	   207.8
 228	 0.01829	   207.8
 229	 0.01765	   207.8
 230	 0.01644	   207.8
 231	 0.01344	   207.8
 232	 0.01195	   207.8
 233	 0.01156	   207.8
 234	 0.01105	   207.8
 235	 0.00928	   207.8
 236	0.008346	   207.8
 237	0.008219	   207.8
 238	0.008053	   207.8
 239	0.006898	   207.8
 240	0.005957	   207.8
 241	0.005589	   207.8
 242	0.005309	   207.8
 243	0.004538	   207.8
 244	0.003657	   207.8
 245	0.003251	   207.8
 246	0.003055	   207.8
 247	0.002792	   207.8
 248	0.002343	   207.8
 249	0.002113	   207.8
 250	0.002096	   207.8
 251	0.002134	   207.8
 252	0.002024	   207.8
 253	0.001848	   207.8
 254	 0.00179	   207.8
 255	0.001744	   207.8
 256	0.001588	   207.8
 257	0.001287	   207.8
 258	0.001031	   207.8
 259	0.0008897	   207.8
 260	0.0008053	   207.8
 261	0.0007217	   207.8
 262	0.0006365	   207.8
 263	0.0005843	   207.8
 264	0.0005416	   207.8
 265	0.0004757	   207.8
 266	0.0004089	   207.8
 267	0.0003753	   207.8
 268	0.0003541	   207.8
 269	0.0003047	   207.8
 270	0.0002638	   207.8
 271	0.0002524	   207.8
 272	0.0002273	   207.8
 273	0.0001738	   207.8
 274	0.0001562	   207.8
 275	0.0001657	   207.8
 276	0.0001375	   207.8
 277	0.0001068	   207.8
 278	0.0001003	   207.8
 279	8.388e-05	   207.8
 280	7.418e-05	   207.8
 281	7.665e-05	   207.8
 282	6.174e-05	   207.8
 283	5.375e-05	   207.8
 284	5.487e-05	   207.8
 285	4.763e-05	   207.8
 286	4.959e-05	   207.8
 287	4.458e-05	   207.8
 288	3.598e-05	   207.8
 289	3.521e-05	   207.8
 290	2.886e-05	   207.8
 291	2.913e-05	   207.8
 292	2.592e-05	   207.8
 293	2.101e-05	   207.8
 294	1.908e-05	   207.8
 295	1.508e-05	   207.8
 296	1.496e-05	   207.8
 297	1.235e-05	   207.8
 298	1.135e-05	   207.8
 299	9.12e-06	   207.8
 300	7.825e-06	   207.8
 301	6.911e-06	   207.8
 302	6.197e-06	   207.8
 303	5.945e-06	   207.8
 304	4.958e-06	   207.8
 305	4.571e-06	   207.8
 306	3.683e-06	   207.8
 307	3.56e-06	   207.8
 308	3.058e-06	   207.8
 309	3.047e-06	   207.8
 310	2.479e-06	   207.8
 311	2.258e-06	   207.8
 312	1.782e-06	   207.8
 313	1.622e-06	   207.8
 314	1.334e-06	   207.8
 315	1.273e-06	   207.8
 316	1.074e-06	   207.8
 317	1.005e-06	   207.8
 318	8.762e-07	   207.8
 319	8.448e-07	   207.8
 320	7.838e-07	   207.8
 321	7.284e-07	   207.8
 322	6.625e-07	   207.8
 323	5.608e-07	   207.8
 324	5.287e-07	   207.8
 325	4.924e-07	   207.8
 326	5.384e-07	   207.8
 327	5.019e-07	   207.8
 328	4.892e-07	   207.8
 329	3.856e-07	   207.8
 330	3.367e-07	   207.8
 331	3.025e-07	   207.8
 332	2.859e-07	   207.8
 333	2.647e-07	   207.8
 334	2.094e-07	   207.8
 335	1.895e-07	   207.8
 336	1.589e-07	   207.8
 337	 1.4e-07	   207.8
 338	1.12e-07	   207.8
 339	9.755e-08	   207.8
 340	9.705e-08	   207.8
 341	8.155e-08	   207.8
 342	7.265e-08	   207.8
 343	6.034e-08	   207.8
 344	4.937e-08	   207.8
 345	4.079e-08	   207.8
 346	3.356e-08	   207.8
 347	3.037e-08	   207.8
 348	2.49e-08	   207.8
 349	2.267e-08	   207.8
 350	2.011e-08	   207.8
 351	1.572e-08	   207.8
 352	1.466e-08	   207.8
